444
231
297
295
354
450
259
453
406
287
219
375
413
205
203
384
455
284
221
358
353
449
323
408
211
452
299
347
295
249
440
373
365
454
309
355
458
312
469
333
247
317
207
326
434
306
247
265
429
357
314
320
340
444
215
233
242
228
315
495
300
440
341
376
282
407
315
253
239
248
437
482
437
463
341
374
206
435
225
317
479
240
461
283
243
295
223
333
479
218
457
304
275
346
261
211
255
386
250
233
447
376
427
356
341
376
337
380
489
212
279
475
355
396
487
213
422
471
304
427
403
344
291
422
234
258
471
464
221
328
283
315
483
265
293
205
280
320
497
350
435
362
385
262
342
479
423
393
442
272
357
251
463
428
309
476
383
362
318
464
223
316
298
298
258
340
420
274
475
474
420
346
500
276
357
441
367
284
468
321
382
265
307
291
493
429
371
336
338
265
437
385
279
359
472
468
279
321
423
437
469
281
435
390
449
360
397
303
313
431
272
480
260
245
348
238
329
420
426
222
437
273
224
226
281
252
264
371
467
382
394
353
436
277
212
466
310
392
230
304
259
295
485
461
209
333
316
284
246
409
350
268
400
332
215
380
332
284
408
429
395
307
340
496
219
387
386
464
436
448
275
411
268
322
210
412
212
400
298
310
278
248
249
296
336
399
323
461
280
346
298
461
218
438
392
317
477
484
343
413
443
488
461
460
465
308
461
409
284
343
268
257
219
363
460
322
428
310
355
418
312
267
232
441
436
474
466
463
467
425
299
271
224
262
366
427
280
423
453
318
489
500
448
274
433
421
340
468
270
263
230
255
236
383
440
363
255
440
241
436
463
395
289
220
403
408
272
222
320
206
388
460
413
461
299
283
395
457
336
482
460
235
422
390
210
214
480
447
401
318
262
454
240
384
212
471
267
404
387
433
447
436
461
357
385
308
389
394
457
414
277
392
268
292
243
308
376
498
492
434
468
458
483
446
311
341
392
340
226
296
430
275
328
445
278
338
286
493
334
375
384
482
247
471
413
359
245
330
337
300
319
288
394
328
307
289
315
219
487
423
218
439
425
384
471
428
284
230
274
270
485
256
315
304
273
266
367
421
471
399
475
434
292
378
478
499
424
280
256
216
305
362
309
244
297
242
416
424
397
271
