26286
26903
16409
6254
25370
15722
31567
22878
16953
18416
14296
30138
14113
32270
13429
24363
28132
1903
2407
16334
8940
23713
7410
25567
9658
13659
5083
6433
20021
4732
16121
18430
15776
6748
1330
27947
4256
15419
9268
15807
9656
18620
20364
29328
22389
14937
27569
23168
16898
16495
17280
9495
13554
9712
5815
10720
19855
13362
8567
6023
9236
16899
4884
9902
29861
3577
26468
13439
22907
11738
16417
21435
20977
12233
2643
27168
11995
26878
24508
23317
27034
28781
14894
28598
16467
21085
28134
8556
17010
12496
32516
4312
7238
24213
13490
15744
8802
12241
26278
14037
